import numpy as np

class Calibration_parameters:
    def __init__(self):
        # Intrinsic parameters for camera 0
        self.mtx0 = np.array([[925.150083817515, 0, 649.570132897099],
                              [0, 923.175920622598, 408.253570992199],
                              [0, 0, 1]])
        
        self.dist0 = np.array([0.0265484763629214, -0.0474887177834878, 0, 0, 0])
        
        # Intrinsic & Extrinsics parameters for camera 1
        self.R_1 = np.array([[-0.00541120042425319, -0.821718425226070, -0.569868009765381],
                             [0.827234735343742, 0.316500160767844, -0.464230913312220],
                             [0.561830411735372, -0.473926658754197, 0.678041378214741]])
        self.T_1 = np.array([[57.1694443257931],
                             [47.7830161026164],
                             [33.2653750415883]])
        self.mtx1 = np.array([[937.752950469242, 0, 648.5754302660850],
                              [0, 935.0085176908548, 417.2890951011200],
                              [0, 0, 1]])
        self.dist1 = np.array([0.0565389663830701, -0.0407582629327157, 0, 0, 0])

        # Intrinsic & Extrinsics parameters for camera 2
        self.mtx2 = np.array([[9.180240059463720e+02, 0, 6.277720522905485e+02],
                              [0, 9.204316444213583e+02, 4.190038892235907e+02],
                              [0, 0, 1]])
        self.dist2 = np.array([0.0748385666898073, -0.128158374195814, 0, 0, 0])
        self.R_2 = np.array([[0.00794699837746728, 0.818037977742410, 0.575109304556879],
                             [-0.820076269615747, 0.334429392684904, -0.464361812944956],
                             [-0.572199053852686, -0.467943210528281, 0.673511243032050]])
        self.T_2 = np.array([[-58.1990635190221], [46.774633773674410], [33.716830213033795]])

        # Intrinsic & Extrinsics parameters for camera 3
        self.mtx3 = np.array([[914.335833759638, 0, 630.292720701014],
                [0, 912.545961130766, 412.160970970405],
                [0, 0, 1]])
        self.dist3 = np.array([-0.00325637150773476, 0.0130107394069182, 0, 0, 0])
        self.R_3 = np.array([[-0.999862702282291, 0.00373839076817029, 0.0161431415535822],
                             [-0.0164676879052049, -0.332457118625921, -0.942974591137008],
                             [0.00184169482034835, -0.943110963094701, 0.332473035674736]])
        self.T_3 = np.array([[-1.12212719213900], [95.2909943777643], [67.1725791436523]])

        # Rotation matrix parameters
        self.rotation_matrix = np.array([[1, 0, 0],
                                         [0, 0.81733806, 0.57615839],
                                         [0, -0.57615839, 0.81733806]])